0.2
0.0
0.0
1.4
8.2
0.2
0.2
0.0
0.4
0.0
0.6
0.0
0.0
0.0
0.0
9.8
4.0
10.4
0.2
4.8
12.6
0.4
0.0
0.2
0.2
0.2
0.2
0.2
0.0
0.4
0.0
0.2
0.0
0.0
0.2
0.2
0.0
0.0
0.0
0.0
0.0
0.0
0.0
0.4
0.0
0.0
0.0
0.2
0.0
0.0
0.0
0.0
0.0
0.0
0.0
0.0
0.2
0.2
0.0
0.2
13.6
16.8
0.2
11.0
0.2
0.0
0.0
2.4
6.2
0.4
0.0
0.2
0.4
0.0
0.0
0.6
0.0
0.0
0.0
0.0
0.0
1.4
0.2
8.3
0.0
0.0
50.0
1.4
4.4
0.0
0.4
8.2
2.4
0.2
0.0
0.0
27.6
0.8
0.0
0.0
0.0
12.0
37.4
0.2
0.0
0.0
0.0
0.0
27.2
52.2
21.4
9.4
5.8
25.2
0.6
0.0
0.2
1.0
10.2
7.6
0.0
0.0
0.0
0.2
0.0
0.0
0.0
0.0
0.0
4.2
0.4
0.0
0.2
31.0
0.0
0.0
0.0
0.2
0.0
0.0
0.0
0.0
15.4
6.4
2.4
0.0
0.0
20.6
0.8
0.2
2.6
11.0
5.8
6.6
0.0
0.2
3.0
0.0
0.0
2.2
18.4
22.2
0.0
0.6
12.0
0.0
0.8
22.0
0.2
0.2
2.0
5.6
0.4
2.0
6.8
4.6
15.0
0.0
10.8
22.2
0.0
5.2
12.8
19.4
3.8
0.0
0.0
0.2
0.0
8.2
1.6
0.2
0.8
0.0
22.2
3.6
1.2
3.8
3.6
1.8
0.2
0.2
0.0
0.0
0.8
0.2
7.4
0.0
0.0
0.0
8.4
0.0
0.0
0.0
16.2
0.2
0.0
1.8
5.8
22.8
1.2
0.0
0.0
0.2
10.4
14.4
21.2
6.6
0.4
0.2
0.2
0.0
22.6
30.6
0.4
0.0
0.0
0.0
0.8
0.2
0.0
0.2
0.8
26.6
0.4
0.4
9.4
0.2
0.0
0.0
0.0
0.0
0.2
0.0
0.0
0.4
0.0
5.6
30.8
0.2
0.4
0.0
0.2
0.2
0.2
0.2
0.0
0.2
0.0
0.0
0.0
0.0
0.2
0.2
0.0
0.0
0.0
0.2
0.2
1.4
2.4
0.2
0.4
0.2
0.2
0.2
0.0
0.0
0.2
0.0
0.0
0.0
12.0
0.0
0.2
0.2
0.0
0.0
0.0
0.0
0.4
0.2
0.4
0.2
0.0
0.0
0.2
0.2
0.0
0.8
1.8
1.4
0.0
0.0
0.4
0.2
5.4
0.8
0.0
0.2
0.0
0.2
0.2
0.0
0.2
0.0
0.0
0.0
0.0
0.2
0.2
0.2
0.0
0.4
0.0
0.2
0.2
0.6
0.2
0.2
0.0
0.2
0.0
0.0
0.8
0.2
0.0
0.4
0.0
0.0
0.0
0.4
0.0
0.2
0.0
0.2
0.2
0.2
0.0
0.0
0.2
0.2
0.0
0.0
9.0
6.4