0.38
0.35
0.22
0.45
0.54
0.98
0.25
1.33
1.57
1.53
1.05
0.11
0.28
0.36
0.13
1.67
1.82
2.74
0.91
2.29
3.92
0.28
0.20
0.14
1.28
0.62
2.01
1.56
1.42
0.18
0.70
0.31
0.58
1.03
0.56
0.67
0.30
0.38
0.37
0.26
0.53
0.07
0.08
0.09
0.22
0.10
0.10
0.07
0.08
0.17
0.54
0.51
0.12
0.25
0.40
0.09
0.15
0.06
0.14
0.67
0.89
0.96
0.52
1.01
0.50
0.20
0.28
0.33
0.36
0.46
0.11
0.17
0.16
0.16
0.13
0.18
0.14
0.17
0.14
0.15
0.25
0.44
0.16
0.49
0.24
0.19
7.42
3.35
0.89
1.35
0.61
1.16
0.96
0.77
0.64
0.53
1.77
1.55
0.55
0.21
0.87
0.26
4.48
3.13
1.48
0.31
0.46
0.48
3.96
15.50
9.79
5.12
3.65
13.59
9.66
3.90
2.30
2.64
6.24
6.63
4.14
1.80
0.66
0.47
0.52
0.35
0.99
0.44
0.08
0.89
0.75
0.88
0.44
6.14
2.98
1.38
1.37
0.36
1.81
0.46
0.20
0.50
3.88
1.85
0.92
1.30
1.60
2.66
2.39
2.00
0.70
4.89
2.61
2.11
2.51
0.64
2.17
2.14
0.71
1.19
6.63
6.67
2.93
0.82
3.97
0.37
1.29
3.73
1.84
2.67
0.25
2.30
4.35
0.39
3.11
6.19
7.65
5.96
9.22
20.35
7.39
5.69
8.77
10.67
5.21
4.93
2.91
1.94
2.24
6.43
4.69
2.95
2.65
4.44
7.92
5.93
2.56
3.83
7.89
4.91
2.52
3.76
2.11
2.18
1.86
1.16
0.53
0.30
0.57
0.87
3.90
2.20
1.41
1.43
1.66
1.68
1.57
0.10
1.69
8.91
5.87
5.02
4.65
2.51
2.87
10.61
12.72
7.35
4.72
3.19
2.49
1.30
11.50
12.36
6.65
2.85
3.41
2.07
3.84
1.93
1.71
1.69
1.71
9.19
3.97
2.04
3.13
3.05
2.95
1.08
0.95
2.02
2.08
2.12
1.12
1.48
0.47
0.53
11.33
10.80
7.22
2.03
1.99
2.45
1.76
1.87
1.97
1.98
1.99
0.25
1.91
1.89
1.89
1.86
0.18
1.83
2.45
1.79
0.83
1.19
1.88
1.90
1.60
1.14
1.19
1.19
0.77
1.06
0.31
0.42
0.88
1.26
1.26
2.10
1.06
0.37
0.18
0.79
0.55
1.18
0.95
0.27
0.20
0.07
0.26
1.86
0.28
0.22
0.22
0.11
1.54
1.43
0.98
1.17
0.12
0.04
0.69
1.13
1.45
0.14
0.67
1.24
1.03
0.19
0.47
1.15
0.22
0.37
0.09
0.11
0.38
0.17
1.06
0.13
0.12
0.03
0.96
0.07
0.07
0.05
0.30
0.34
0.16
0.32
0.59
0.23
0.17
0.15
0.09
0.33
0.33
0.53
0.22
0.61
0.35
0.21
0.25
0.32
0.29
0.44
0.37
0.26
0.25
0.11
0.46
0.85